153
161
171
182
184
195
196
197
199
200
202
205
206
207
216
221
222
223
228
232
236
239
250
254
270
273
277
278
280
287
294
297
300
303
311
313
314
317
333
335
344
345
354
363
365
366
368
370
377
382
384
387
399
403
410
411
415
420
422
442
452
462
464
465
470
473
474
483
486
495
498
509
513
514
516
517
525
544
545
553
556
570
572
576
587
589
595
602
604
605
613
619
624
625
629
641
644
647
650
653
656
669
670
673
674
678
688
689
692
693
697
707
714
715
724
725
726
734
742
752
753
754
755
756
760
766
772
782
785
796
807
810
811
820
829
838
841
842
852
854
855
857
860
865
866
867
868
871
876
877
885
901
904
906
907
910
912
917
918
923
924
933
948
952
959
960
970
973
978
979
985
994
995
998
1001
1004
1008
1025
1026
1029
1039
1047
1050
1058
1064
1066
1067
1081
1090
1091
1096
1103
1106
1123
1125
1126
1141
1142
1158
1159
1164
1173
1174
1185
1186
1187
1204
1217
1220
1223
1230
1232
1236
1240
1244
1248
1252
1262
1264
1274
1275
1288
1294
1297
1300
1303
1306
1309
1317
1324
1331
1333
1335
1337
1343
1352
1369
1372
1374
1394
1396
1399
1408
1410
1413
1415
1423
1428
1430
1434
1438
1442
1446
1450
1454
1458
1462
1465
1470
1473
1476
1479
1482
1485
1490
1494
1501
1512
1513
1519
1522
1524
1526
1527
1528
1529
1532
1533
1535
1544
1554
1557
1559
1560
1561
1562
1564
1568
1569
1574
1584
1589
1591
1601
1604
1607
1609
1612
1614
1617
1620
1627
1629
1654
1657
1663
1665
1669
1671
1674
1676
1714
1716
1723
1725
1735
1737
1745
1747
1751
1753
1814
2001
2004
2006
2010
2011
2013
2015
2019
2043
2045
2049
2059
2070
2071
2078
2084
2085
2087
2089
2097
2107
2112
2114
2117
2129
2130
2134
2137
2147
2148
2149
2151
2153
2158
2166
2168
2175
2176
2180
2181
2183
2184
2186
2187
2194
2195
2196
2199
2200
2202
2203
2210
2211
2212
2214
2220
2222
2224
2225
2226
2228
2236
2238
2239
2244
2251
2253
2254
2259
2267
2270
2288
2290
2295
2296
2312
2324
2325
2326
2328
2329
2330
2332
2333
2335
2336
2338
2353
2358
2359
2360
2361
2363
2372
2373
2374
2376
2377
2382
2383
2385
2387
2389
2391
2392
2394
2396
2400
2402
2404
2405
2406
2407
2408
2409
2410
2411
2412
2413
2414
2415
2416
2417
2418
2419
2420
2421
2422
2423
2424
2425
2426
2427
2428
2429
2430
2431
2432
2433
2434
2435
2436
2437
2438
2439
2441
2444
2446
2447
2448
2449
2450
2456
2457
2458
2459
2460
2463
2464
2465
2468
2469
2484
2489
2490
2492
2493
2496
2497
2498
2499
2500
2507
2509
2510
2511
2513
2534
2535
2539
2543
2544
2545
2546
2548
2549
2551
2552
2553
2554
2562
2564
2565
2566
2567
2568
2569
2572
2581
2582
2583
2585
2587
2588
2595
2596
2598
2599
2601
2615
2621
2632
2633
2636
2637
2638
2639
2640
2641
2644
2645
2646
2652
2662
2670
2674
2686
2688
2692
2700
2702
2706
2714
2718
2719
2724
2734
2737
2742
2743
2748
2749
2750
2751
2752
2753
2754
2755
2756
2757
2758
2759
2762
2763
2766
2767
2770
2771
2775
2776
2777
2793
2796
2810
2821
2827
2829
2832
2833
2838
2839
2840
2845
2846
2847
2851
2856
2860
2864
2865
2871
2872
2880
2881
2882
2885
2886
2889
2895
2907
2908
2909
2912
2913
2916
2917
2920
2921
2926
2932
2935
2936
2937
2941
2942
2943
2944
2945
2946
2947
2948
2949
2950
2953
2954
2955
2956
2957
2958
2967
2968
2969
2970
2975
2981
2987
2990
2991
2995
3000
3001
3012
3023
3026
3028
3029
3032
3033
3036
3037
3040
3041
3045
3046
3059
3060
3061
3062
3063
3064
3069
3070
3071
3074
3086
3089
3090
3091
3092
3094
3104
3107
3108
3109
3112
3114
3115
3118
3122
3123
3124
3126
3127
3129
3131
3133
3140
3141
3142
3143
3152
3156
3158
3167
3168
3170
3180
3188
3193
3199
3204
3207
3208
3210
3212
3220
3223
3224
3225
3227
3236
3242
3246
3249
3251
3253
3262
3263
3266
3267
3269
3272
3274
3282
3283
3285
3293
3297
3300
3305
3308
3315
3316
3319
3320
3325
3331
3343
3345
3346
3350
3351
3356
3360
3361
3363
3381
3383
3392
3402
3406
3407
3409
3411
3412
3413
3414
3415
3416
3417
3435
3436
3438
3443
3444
3448
3449
3453
3456
3461
3463
3465
3469
3470
3474
3486
3495
3496
3503
3505
3506
3524
3525
3533
3535
3536
3549
3555
3557
3561
3563
3566
3570
3578
3582
3585
3586
3599
3602
3607
3610
3613
3614
3620
3627
3628
3629
3635
3647
3649
3656
3657
3658
3659
3660
3665
3675
3678
3680
3681
3682
3705
3707
3715
3717
3745
3747
3748
3749
3750
3755
3758
3760
3763
3767
3770
3771
3772
3774
3777
3790
3799
3803
3804
3807
3816
3819
3822
3827
3829
3833
3835
3836
3837
3839
3843
3847
3854
3858
3859
3860
3861
3862
3863
3870
3880
3884
3885
3887
3889
3890
3891
3893
3914
3918
3929
3943
3945
3946
3950
3951
3956
3957
3958
4044
4045
4052
4059
4060
4062
4063
4064
4066
4069
4072
4076
4077
4078
4081
4084
4100
4101
4105
4109
4110
4116
4117
4119
4124
4125
4132
4133
4138
4139
4141
4145
4146
4151
4152
4154
4157
4169
4170
4172
4174
4179
4185
4191
4198
4248
4249
4250
4251
4252
4253
4254
4255
4256
4257
4258
4259
4260
4261
4262
4263
4264
4265
4266
4267
4268
4269
4270
4271
4272
4273
4274
4275
4276
4277
4278
4279
4280
4281
4282
4283
4294
4298
4300
4308
4309
4321
4322
4325
4327
4328
4330
4331
4332
4334
4335
4337
4338
4341
4342
4348
4349
4350
4351
4361
4362
4363
4364
4365
4366
4367
4371
4373
4374
4377
4381
4383
4384
4385
4403
4405
4406
4414
4424
4428
4429
4437
4440
4460
4461
4462
4463
4465
4484
4494
4496
4498
4499
4500
4501
4502
4503
4504
4507
4508
4510
4511
4512
4514
4515
4516
4524
4530
4531
4533
4534
4570
4572
4574
4576
4584
4585
4587
4588
4590
4591
4592
4595
4597
4599
4610
4619
4620
4622
4629
4632
4634
4635
4638
4639
4647
4648
4663
4664
4666
4672
4673
4675
4680
4682
4685
4686
4692
4693
4704
4714
4716
4722
4724
4731
4735
4742
4743
4745
4748
4750
4751
4752
4753
4756
4757
4760
4772
4780
4782
4792
4806
4807
4810
4811
4812
4813
4814
4816
4817
4819
4820
4824
4825
4830
4835
4836
4840
4841
4845
4846
4847
4850
4853
4854
4855
4856
4857
4862
4869
4881
4889
4891
4896
4908
4921
4924
4925
4927
4931
4938
4939
4940
4941
4942
4943
4944
4945
4946
4955
4956
4957
4961
4967
4968
4976
4983
4995
5001
5002
5015
5017
5019
5020
5032
5037
5040
5044
5046
5061
5071
5074
5076
5078
5082
5086
5090
5094
5099
5102
5112
5119
5122
5125
5132
5133
5153
5154
5172
5173
5177
5178
5185
5186
5187
5188
5191
5197
5198
5208
5209
5211
5212
5215
5220
5223
5227
5230
5232
5235
5238
5251
5253
5256
5258
5259
5261
5262
5266
5272
5275
5276
5278
5279
5281
5282
5294
5296
5297
5308
5312
5313
5316
5322
5329
5333
5334
5336
5337
5346
5350
5352
5357
5358
5359
5362
5363
5364
5366
5367
5370
5382
5383
5385
5386
5390
5399
5401
5402
5406
5408
5411
5416
5424
5428
5439
5440
5442
5443
5460
5467
5468
5469
5470
5472
5473
5475
5476
5479
5481
5484
5486
5487
5488
5494
5495
5496
5502
5503
5514
5516
5524
5529
5530
5531
5533
5535
5536
5537
5539
5542
5547
5548
5549
5550
5551
5552
5554
5559
5560
5565
5568
5569
5571
5572
5574
5575
5578
5581
5585
5592
5596
5603
5604
5605
5610
5616
5618
5622
5625
5630
5631
5632
5633
5641
5644
5648
5651
5653
5657
5658
5670
5672
5673
5677
5680
5681
5682
5684
5686
5692
5695
5697
5705
5707
5708
5712
5716
5717
5718
5720
5727
5731
5732
5734
5737
5738
5751
5753
5754
5758
5761
5762
5763
5765
5768
5775
5778
5780
5782
5783
5786
5787
5789
5790
5793
5797
5800
5803
5806
5820
5821
5823
5829
5832
5834
5837
5845
5846
5849
5852
5853
5860
5863
5871
5875
5881
5886
5889
5891
5897
5905
5917
5918
5926
5927
5928
5929
5932
5935
5937
5941
5955
5956
5958
5976
5987
5989
5991
5996
5998
6000
6013
6020
6021
6022
6024
6029
6033
6038
6044
6045
6049
6051
6056
6068
6071
6072
6073
6085
6086
6089
6095
6097
6102
6106
6107
6110
6111
6113
6116
6121
6132
6145
6147
6150
6151
6152
6153
6154
6157
6158
6160
6161
6203
6204
6205
6219
6224
6227
6229
6230
6232
6236
6238
6244
6248
6250
6252
6254
6256
6258
6261
6274
6276
6278
6280
6283
6287
6289
6291
6293
6294
6299
6311
6312
6314
6324
6327
6330
6344
6346
6350
6356
6357
6365
6368
6372
6381
6383
6385
6386
6388
6391
6398
6401
6417
6420
6421
6424
6425
6429
6431
6432
6433
6434
6437
6438
6440
6441
6443
6446
6447
6449
6450
6452
6453
6457
6462
6465
6468
6478
6479
6482
6483
6484
6492
6493
6494
6505
6508
6509
6511
6515
6520
6521
6524
6530
6538
6541
6542
6545
6557
6560
6563
6567
6568
6571
6575
6583
6584
6589
6593
6594
6597
6602
6608
6610
6612
6618
6619
6620
6623
6624
6631
6637
6638
6642
6645
6649
6652
6655
6662
6663
6664
6672
6678
6679
6683
6687
6690
6691
6692
6695
6701
6702
6707
6713
6714
6715
6717
6740
6742
6745
6750
6783
6787
6792
6895
6897
6910
6911
6917
6918
6924
6925
6935
6936
6942
6943
6946
6947
6950
6951
6954
6975
6992
6994
6997
7001
7003
7005
