1026
1039
1047
1066
1081
1090
1096
1103
1106
1141
1142
1158
1159
1187
1204
1217
1230
1232
1236
1244
1248
1262
1264
1274
1275
1288
1294
1297
1300
1303
1306
1309
1317
1324
1331
1333
1335
1343
1352
1369
1372
1374
1394
1396
1399
1408
1410
1413
1415
1423
1428
1430
1434
1438
1442
1446
1450
1454
1458
1462
1465
1470
1473
1476
1479
1482
1485
1490
1494
1501
1512
1513
1522
1524
1526
1527
1529
153
1532
1533
1535
1544
1557
1559
1560
1561
1562
1564
1568
1569
161
171
184
195
196
197
199
200
2001
205
207
2084
2087
2089
2097
2107
2112
2114
2129
2130
2147
2148
2149
2151
2158
216
2166
2168
2175
2180
2181
2183
2184
2186
2187
2194
2195
2196
2199
2202
221
2210
2211
2212
2214
222
2220
2222
2224
2225
2228
223
2236
2238
2239
2244
2253
2254
2259
2270
2288
2290
2295
2296
2324
2328
2332
2333
2335
2338
2353
2358
2359
236
2360
2361
2363
2372
2373
2374
2376
2377
2382
2383
2385
2387
2389
239
2391
2394
2396
2400
2404
2405
2406
2407
2408
2409
2410
2411
2412
2413
2414
2415
2416
2417
2418
2419
2420
2421
2422
2423
2424
2425
2426
2427
2428
2429
2430
2431
2432
2433
2434
2435
2436
2437
2438
2439
2441
2446
2447
2448
2449
2450
2456
2457
2458
2459
2460
2463
2468
2484
2492
2493
2496
2497
2498
2499
250
2500
2507
2509
2510
2511
2513
2534
2535
254
2543
2544
2545
2548
2549
2551
2554
2562
2564
2565
2566
2567
2568
2569
2572
2581
2582
2583
2585
2595
2596
2598
2599
2601
2615
2621
2632
2633
2636
2644
2645
2652
2670
2674
2686
2688
270
2724
273
2734
2737
2742
2743
2748
2749
2750
2751
2752
2753
2754
2755
2756
2762
2763
2766
277
278
2793
2796
280
2810
2821
287
2871
2880
2881
2882
2885
2889
2895
2907
2908
2909
2912
2913
2916
2920
2921
2926
2932
294
2941
2942
2943
2944
2945
2946
2947
2948
2949
2950
2953
2954
2955
2956
2957
2958
2967
297
2975
2981
2987
2990
2991
2995
300
3000
3012
3023
3026
3028
3029
303
3032
3033
3036
3037
3040
3041
3045
3046
3059
3060
3061
3063
3064
3069
3074
3086
311
313
314
3156
3167
317
3188
3193
3220
3246
3266
3267
3269
3272
3282
3293
3297
333
3343
3345
3346
335
3350
3351
3356
3360
3361
3363
3381
3383
3392
3402
3406
3407
3409
3411
3412
3413
3414
3435
3438
344
3443
3448
345
3453
3456
3461
3463
3465
3469
3470
3474
3486
3495
3496
3503
3505
3506
3525
3533
3535
3536
3549
3555
3561
3566
3570
3578
3585
3586
3599
3602
3607
3610
3613
3614
3620
3627
3635
3649
3656
3657
3658
3660
3665
3675
3678
3681
3682
3705
3707
3715
3717
3745
3747
3748
3749
3750
3758
3760
3763
3767
3770
3790
3803
3807
3816
3914
3918
3929
3943
3946
3950
3951
3956
3957
3958
4044
4045
4052
4059
4060
4062
4063
4064
4066
4069
4072
4076
4077
4078
4081
4100
4109
4110
4116
4117
4119
4124
4132
4133
4138
4139
4141
4145
4146
4151
4152
4154
4169
4170
4172
4174
4179
4198
4248
4249
4250
4251
4252
4253
4254
4255
4256
4257
4258
4259
4260
4261
4262
4263
4264
4265
4266
4267
4268
4269
4270
4271
4272
4273
4274
4275
4276
4277
4278
4279
4280
4281
4282
4283
4294
4298
4300
4309
4321
4325
4327
4328
4330
4331
4332
4334
4335
4337
4338
4341
4342
4348
4361
4362
4371
4377
4381
4383
4384
4385
4403
4406
4414
442
4424
4428
4429
4437
4440
4460
4462
4463
4465
4484
4496
4498
4499
4500
4501
4502
4503
4504
4507
4510
4514
4515
452
4524
4531
4534
4570
4572
4574
4576
4584
4585
4610
4619
462
4620
4622
4629
4632
4634
4635
4638
4639
464
4647
465
4663
4686
470
4714
4716
4722
4724
473
4735
474
4742
4743
4745
4748
4750
4751
4756
4757
4760
4772
4780
4782
4792
4806
4807
4810
4811
4812
4813
4814
4816
4817
4819
4824
4825
483
4830
4835
4840
4841
4845
4846
4847
4850
4853
4854
486
4862
4869
4881
4889
4891
4896
4908
4921
4924
4925
4927
4938
4939
4940
4941
4942
4943
4944
4945
4946
495
4955
4956
4957
4961
4967
4968
4976
4983
4995
5001
5002
5015
5017
5019
5020
5032
5037
5040
5044
5046
5061
5071
5074
5076
5078
5082
5086
5090
5094
5099
5102
5132
5133
5153
5154
5172
5177
5178
5185
5186
5187
5188
5191
5197
5198
5208
5209
5211
5212
5215
5220
5223
5227
5230
5232
5235
5238
525
5251
5253
5256
5258
5261
5262
5266
5272
5275
5276
5278
5279
5281
5282
5294
5296
5297
5308
5316
5322
5329
5333
5334
5336
5337
5346
5350
5352
5357
5358
5362
5363
5364
5366
5367
5370
5383
5399
5401
5402
5406
5408
5411
5416
5424
5428
5439
544
5440
5442
5443
545
5460
5467
5468
5470
5472
5473
5475
5476
5479
5481
5484
5486
5487
5488
5494
5495
5502
5503
5514
5516
5524
5529
553
5530
5531
5533
5535
5536
5537
5539
5542
5547
5548
5549
5550
5551
5552
5554
5559
556
5560
5565
5568
5569
5571
5572
5574
5575
5578
5581
5585
5592
5596
5603
5604
5610
5616
5618
5622
5625
5630
5631
5632
5633
5641
5644
5648
5651
5653
5657
5658
5670
5672
5673
5677
5680
5681
5682
5684
5686
5692
5695
570
5705
5707
5708
572
5732
5734
5737
5738
5751
5753
5754
5758
576
5761
5762
5763
5765
5768
5775
5778
5780
5782
5783
5786
5787
5789
5790
5793
5797
5800
5803
5820
5823
5860
5863
587
5871
5917
5918
5926
5927
5932
5935
5937
5941
595
5955
5956
5958
5976
5987
5989
5996
5998
6000
6013
602
6020
6021
6022
6024
6029
6033
6038
604
6044
6045
6049
6051
6056
6068
6071
6072
6073
6097
6102
6145
6147
6150
6151
6152
6153
6154
6157
6160
6203
6219
6224
6227
6229
6230
6236
6244
6250
6258
6261
6274
6276
6278
6283
6287
6291
6314
6344
6346
6350
6356
6357
6365
6368
6372
6381
6383
6385
6386
6388
6391
6398
6401
641
6417
6420
6421
6424
6425
6431
6432
6437
6438
644
6440
6441
6443
6446
6449
6462
6465
6468
647
6478
6479
6482
6483
6484
6493
6494
650
6505
6508
6509
6511
6515
6520
6521
6524
653
6530
6538
6541
6542
6545
6557
656
6560
6563
6567
6568
6571
6575
6583
6584
6589
6593
6594
6597
6602
6608
6610
6612
6618
6619
6620
6623
6624
6637
6645
6649
6652
6655
6662
6683
6690
6707
6713
6714
6715
6717
688
707
714
715
724
725
726
734
752
753
766
772
782
785
796
807
820
852
854
855
857
860
865
866
867
868
871
876
877
885
901
904
906
907
910
912
917
918
923
924
933
970
978
979
985
998
